#        TEM  CP(ARMADA)   CP(JAMRT)        DIFF
      73.040      21.238      22.872      -1.635
      73.837      21.261      22.872      -1.611
      74.640      21.286      22.872      -1.587
      75.452      21.311      22.872      -1.561
      76.272      21.338      22.872      -1.535
      77.099      21.365      22.872      -1.507
      77.934      21.393      22.872      -1.479
      78.777      21.423      22.872      -1.450
      79.628      21.453      22.872      -1.419
      80.487      21.485      22.872      -1.388
      81.354      21.517      22.872      -1.355
      82.229      21.551      22.872      -1.322
      83.112      21.585      22.872      -1.287
      84.003      21.621      22.872      -1.252
      84.902      21.657      22.872      -1.215
      85.809      21.695      22.872      -1.178
      86.724      21.733      22.872      -1.139
      87.648      21.773      22.872      -1.100
      88.579      21.813      22.872      -1.059
      89.519      21.855      22.872      -1.018
      90.466      21.897      22.872      -0.975
      91.422      21.941      22.872      -0.932
      92.386      21.985      22.872      -0.887
      93.358      22.030      22.872      -0.842
      94.338      22.077      22.872      -0.796
      95.327      22.124      22.872      -0.749
      96.323      22.172      22.872      -0.701
      97.328      22.221      22.872      -0.652
      98.341      22.270      22.872      -0.602
      99.363      22.321      22.872      -0.552
     100.392      22.372      22.872      -0.500
     101.430      22.424      22.872      -0.448
     102.476      22.477      22.872      -0.395
     103.530      22.531      22.872      -0.342
     104.593      22.585      22.872      -0.287
     105.664      22.640      22.872      -0.232
     106.743      22.695      22.872      -0.177
     107.831      22.752      22.872      -0.121
     108.927      22.808      22.872      -0.064
     110.031      22.866      22.874      -0.009
     111.144      22.923      22.931      -0.008
     112.265      22.981      22.989      -0.008
     113.394      23.040      23.047      -0.008
     114.532      23.099      23.106      -0.007
     115.678      23.158      23.165      -0.007
     116.833      23.218      23.224      -0.006
     117.996      23.278      23.284      -0.006
     119.168      23.338      23.344      -0.006
     120.348      23.398      23.404      -0.005
     121.537      23.459      23.464      -0.005
     122.735      23.520      23.524      -0.004
     123.940      23.581      23.585      -0.004
     125.155      23.642      23.646      -0.004
     126.378      23.703      23.706      -0.003
     127.609      23.764      23.767      -0.003
     128.849      23.825      23.829      -0.003
     130.097      23.887      23.889      -0.003
     131.353      23.948      23.950      -0.003
     132.618      24.009      24.011      -0.003
     133.891      24.069      24.072      -0.002
     135.171      24.130      24.132      -0.002
     136.460      24.190      24.193      -0.002
     137.755      24.251      24.253      -0.003
     139.058      24.311      24.313      -0.003
     140.368      24.370      24.373      -0.003
     141.684      24.430      24.433      -0.003
     143.005      24.489      24.492      -0.003
     144.331      24.547      24.550      -0.003
     145.662      24.605      24.609      -0.003
     146.995      24.663      24.667      -0.004
     148.331      24.720      24.724      -0.004
     149.667      24.777      24.781      -0.004
     151.003      24.833      24.837      -0.005
     152.337      24.888      24.892      -0.004
     153.704      24.944      24.948      -0.004
     155.128      25.000      25.005      -0.005
     156.563      25.057      25.062      -0.005
     158.007      25.113      25.119      -0.006
     159.461      25.168      25.175      -0.006
     160.926      25.224      25.230      -0.007
     162.401      25.278      25.285      -0.007
     163.886      25.332      25.340      -0.008
     165.381      25.386      25.394      -0.008
     166.887      25.440      25.448      -0.009
     168.404      25.493      25.502      -0.009
     169.931      25.545      25.555      -0.010
     171.468      25.597      25.607      -0.010
     173.017      25.648      25.659      -0.011
     174.576      25.699      25.711      -0.011
     176.147      25.750      25.762      -0.012
     177.728      25.800      25.812      -0.012
     179.320      25.849      25.862      -0.013
     180.924      25.898      25.911      -0.013
     182.539      25.947      25.960      -0.014
     184.165      25.994      26.008      -0.014
     185.803      26.042      26.056      -0.014
     187.452      26.089      26.103      -0.014
     189.113      26.135      26.150      -0.015
     190.786      26.181      26.196      -0.015
     192.470      26.226      26.241      -0.015
     194.166      26.271      26.286      -0.015
     195.875      26.315      26.330      -0.016
     197.595      26.358      26.374      -0.016
     199.328      26.401      26.417      -0.015
     201.073      26.444      26.460      -0.016
     202.830      26.486      26.501      -0.016
     204.600      26.527      26.543      -0.016
     206.382      26.568      26.584      -0.016
     208.177      26.608      26.624      -0.016
     209.984      26.648      26.664      -0.016
     211.804      26.687      26.703      -0.016
     213.637      26.725      26.742      -0.016
     215.483      26.763      26.779      -0.016
     217.341      26.800      26.817      -0.016
     219.212      26.837      26.853      -0.016
     221.096      26.873      26.889      -0.016
     222.993      26.908      26.925      -0.016
     224.902      26.943      26.959      -0.016
     226.823      26.977      26.993      -0.016
     228.758      27.011      27.027      -0.016
     230.704      27.044      27.060      -0.016
     232.662      27.076      27.092      -0.016
     234.631      27.108      27.123      -0.016
     236.612      27.139      27.154      -0.016
     238.603      27.169      27.184      -0.015
     240.605      27.199      27.214      -0.015
     242.616      27.228      27.243      -0.015
     244.635      27.256      27.272      -0.015
     246.663      27.284      27.300      -0.016
     248.697      27.311      27.327      -0.015
     250.736      27.338      27.353      -0.016
     252.780      27.364      27.380      -0.016
     254.826      27.389      27.405      -0.016
     256.874      27.413      27.430      -0.016
     258.921      27.437      27.454      -0.017
     260.966      27.460      27.477      -0.017
     263.007      27.483      27.500      -0.017
     265.041      27.505      27.523      -0.018
     267.067      27.526      27.544      -0.018
     269.082      27.547      27.566      -0.019
     271.084      27.567      27.586      -0.019
     273.071      27.586      27.606      -0.020
     275.094      27.605      27.625      -0.020
     277.125      27.624      27.645      -0.021
     279.147      27.642      27.664      -0.022
     281.159      27.659      27.682      -0.022
     283.160      27.676      27.698      -0.022
     285.148      27.693      27.714      -0.021
     287.123      27.709      27.729      -0.020
     289.143      27.725      27.744      -0.019
     291.554      27.742      27.762      -0.020
     293.985      27.758      27.779      -0.020
     296.434      27.774      27.795      -0.021
     298.902      27.789      27.811      -0.022
     301.389      27.800      27.827      -0.026
     303.896      27.814      27.842      -0.028
     306.423      27.827      27.856      -0.029
     308.970      27.840      27.870      -0.031
     311.536      27.852      27.884      -0.032
     314.123      27.864      27.897      -0.034
     316.730      27.875      27.910      -0.035
     319.358      27.886      27.923      -0.036
     322.006      27.897      27.935      -0.038
     324.676      27.907      27.946      -0.038
     327.366      27.918      27.957      -0.039
     330.078      27.927      27.968      -0.041
     332.812      27.937      27.978      -0.042
     335.567      27.946      27.989      -0.043
     338.344      27.955      27.998      -0.044
     341.143      27.963      28.008      -0.045
     343.964      27.971      28.017      -0.045
     346.808      27.979      28.025      -0.046
     349.675      27.987      28.034      -0.047
     352.565      27.994      28.042      -0.047
     355.477      28.001      28.049      -0.048
     358.413      28.008      28.057      -0.049
     361.373      28.015      28.064      -0.049
     364.356      28.021      28.071      -0.050
     367.364      28.027      28.077      -0.050
     370.395      28.033      28.083      -0.050
     373.451      28.039      28.089      -0.051
     376.531      28.044      28.095      -0.051
     379.637      28.049      28.101      -0.052
     382.767      28.055      28.106      -0.052
     385.922      28.059      28.112      -0.052
     389.103      28.064      28.116      -0.052
     392.310      28.069      28.121      -0.053
     395.543      28.073      28.126      -0.053
     398.802      28.077      28.130      -0.053
     402.087      28.081      28.134      -0.054
     405.399      28.085      28.138      -0.054
     408.737      28.088      28.142      -0.054
     412.103      28.092      28.146      -0.054
     415.496      28.095      28.149      -0.054
     418.916      28.098      28.153      -0.054
     422.364      28.101      28.156      -0.055
     425.841      28.104      28.160      -0.055
     429.345      28.107      28.163      -0.055
     432.878      28.110      28.166      -0.056
     436.440      28.113      28.169      -0.056
     440.031      28.115      28.172      -0.057
     443.651      28.118      28.175      -0.057
     447.301      28.120      28.177      -0.057
     450.980      28.122      28.180      -0.058
     454.689      28.125      28.183      -0.058
     458.428      28.127      28.185      -0.059
     462.198      28.129      28.188      -0.059
     465.998      28.131      28.191      -0.060
     469.830      28.133      28.193      -0.060
     473.693      28.135      28.196      -0.061
     477.587      28.137      28.199      -0.062
     481.513      28.139      28.201      -0.062
     485.471      28.141      28.204      -0.063
     489.461      28.142      28.207      -0.064
     493.483      28.144      28.209      -0.065
     497.539      28.146      28.212      -0.066
     501.627      28.148      28.215      -0.067
     505.749      28.150      28.218      -0.068
     509.905      28.152      28.221      -0.069
     514.094      28.154      28.223      -0.070
     518.318      28.156      28.226      -0.071
     522.575      28.158      28.230      -0.072
     526.868      28.160      28.233      -0.073
     531.195      28.162      28.236      -0.074
     535.558      28.164      28.239      -0.076
     539.956      28.166      28.243      -0.077
     544.390      28.168      28.246      -0.078
     548.860      28.170      28.250      -0.079
     553.367      28.173      28.253      -0.081
     557.910      28.175      28.257      -0.082
     562.490      28.178      28.261      -0.084
     567.107      28.180      28.265      -0.085
     571.761      28.183      28.270      -0.087
     576.453      28.186      28.274      -0.088
     581.184      28.189      28.278      -0.090
     585.952      28.192      28.283      -0.091
     590.759      28.195      28.288      -0.093
     595.606      28.198      28.292      -0.094
     600.491      28.202      28.297      -0.096
     605.415      28.205      28.303      -0.097
     610.380      28.209      28.308      -0.099
     615.384      28.213      28.313      -0.101
     620.429      28.217      28.319      -0.102
     625.514      28.221      28.325      -0.104
     630.641      28.226      28.331      -0.105
     635.808      28.230      28.337      -0.107
     641.017      28.235      28.343      -0.109
     646.268      28.240      28.350      -0.110
     651.561      28.245      28.357      -0.112
     656.896      28.250      28.364      -0.113
     662.273      28.256      28.371      -0.115
     667.694      28.262      28.378      -0.117
     673.158      28.268      28.386      -0.118
     678.666      28.274      28.393      -0.120
     684.217      28.280      28.401      -0.121
     689.812      28.287      28.410      -0.122
     695.452      28.294      28.418      -0.124
     701.136      28.301      28.427      -0.125
     706.866      28.309      28.435      -0.127
     712.640      28.317      28.445      -0.128
     718.460      28.325      28.454      -0.129
     724.326      28.333      28.463      -0.131
     730.238      28.341      28.473      -0.132
     736.197      28.350      28.483      -0.133
     742.202      28.360      28.494      -0.134
     748.254      28.369      28.504      -0.135
     754.354      28.379      28.515      -0.136
     760.501      28.389      28.526      -0.137
     766.696      28.399      28.537      -0.138
     772.939      28.410      28.549      -0.139
     779.230      28.421      28.561      -0.140
     785.570      28.433      28.573      -0.141
     791.959      28.444      28.586      -0.141
     798.398      28.456      28.599      -0.142
     804.885      28.469      28.612      -0.143
     811.423      28.482      28.625      -0.143
     818.011      28.495      28.639      -0.144
     824.649      28.509      28.653      -0.144
     831.337      28.523      28.667      -0.145
     838.077      28.537      28.682      -0.145
     844.868      28.552      28.697      -0.146
     851.710      28.567      28.713      -0.146
     858.604      28.582      28.728      -0.146
     865.550      28.598      28.744      -0.146
     872.548      28.614      28.761      -0.146
     879.598      28.631      28.778      -0.146
     886.702      28.648      28.795      -0.147
     893.858      28.666      28.812      -0.146
     901.068      28.684      28.830      -0.146
     908.331      28.702      28.848      -0.146
     915.648      28.721      28.867      -0.146
     923.019      28.740      28.886      -0.146
     930.444      28.760      28.905      -0.145
     937.924      28.780      28.925      -0.145
     945.459      28.800      28.945      -0.145
     953.048      28.821      28.966      -0.144
     960.693      28.843      28.987      -0.144
     968.394      28.865      29.008      -0.143
     976.150      28.887      29.030      -0.142
     983.962      28.910      29.052      -0.142
     991.830      28.933      29.074      -0.141
     999.755      28.957      29.097      -0.140
    1007.740      28.983      29.120      -0.138
    1015.770      29.007      29.144      -0.138
    1023.870      29.031      29.168      -0.137
    1032.020      29.056      29.193      -0.136
    1040.230      29.082      29.218      -0.136
    1048.500      29.108      29.243      -0.135
    1056.830      29.135      29.269      -0.134
    1065.210      29.162      29.295      -0.133
    1073.660      29.190      29.322      -0.132
    1082.160      29.218      29.349      -0.130
    1090.720      29.247      29.376      -0.129
    1099.340      29.276      29.404      -0.127
    1108.020      29.306      29.432      -0.126
    1116.760      29.336      29.461      -0.124
    1125.560      29.367      29.489      -0.122
    1134.410      29.398      29.519      -0.121
    1143.330      29.430      29.549      -0.119
    1152.310      29.461      29.579      -0.117
    1161.360      29.494      29.610      -0.116
    1170.460      29.527      29.641      -0.114
    1179.620      29.560      29.672      -0.112
    1188.840      29.593      29.704      -0.110
    1198.130      29.627      29.736      -0.109
    1207.480      29.662      29.768      -0.107
    1216.880      29.696      29.801      -0.105
    1226.360      29.731      29.835      -0.103
    1235.890      29.767      29.868      -0.102
    1245.480      29.802      29.902      -0.100
    1255.140      29.838      29.937      -0.098
    1264.860      29.875      29.971      -0.096
    1274.650      29.911      30.006      -0.095
    1284.480      29.948      30.041      -0.093
    1294.400      29.986      30.077      -0.092
    1304.380      30.023      30.113      -0.090
    1314.420      30.061      30.149      -0.088
    1324.530      30.099      30.186      -0.087
    1334.700      30.138      30.223      -0.085
    1344.930      30.176      30.260      -0.084
    1355.230      30.215      30.298      -0.082
    1365.600      30.254      30.335      -0.081
    1376.030      30.294      30.373      -0.080
    1386.520      30.333      30.412      -0.078
    1397.090      30.373      30.450      -0.077
    1407.720      30.413      30.489      -0.075
    1418.410      30.454      30.528      -0.074
    1429.170      30.494      30.567      -0.073
    1440.000      30.535      30.607      -0.072
    1450.900      30.576      30.646      -0.071
    1461.860      30.617      30.686      -0.069
    1472.900      30.658      30.726      -0.068
    1484.000      30.699      30.766      -0.067
    1495.170      30.741      30.807      -0.066
    1506.400      30.783      30.847      -0.065
    1517.710      30.824      30.888      -0.063
    1529.070      30.866      30.929      -0.063
    1540.520      30.909      30.970      -0.061
    1552.040      30.951      31.011      -0.060
    1563.630      30.993      31.052      -0.059
    1575.290      31.036      31.094      -0.058
    1587.020      31.078      31.135      -0.057
    1598.820      31.121      31.177      -0.056
    1610.690      31.164      31.219      -0.055
    1622.640      31.207      31.260      -0.054
    1634.650      31.250      31.302      -0.053
    1646.740      31.293      31.344      -0.052
    1658.900      31.336      31.386      -0.050
    1671.130      31.379      31.428      -0.049
    1683.430      31.422      31.470      -0.048
    1695.810      31.466      31.512      -0.047
    1708.260      31.509      31.554      -0.045
    1720.790      31.552      31.597      -0.044
    1733.390      31.596      31.639      -0.043
    1746.060      31.639      31.681      -0.042
    1758.810      31.683      31.723      -0.040
    1771.630      31.727      31.765      -0.038
    1784.530      31.770      31.807      -0.037
    1797.510      31.814      31.849      -0.035
    1810.560      31.857      31.891      -0.034
    1823.690      31.901      31.933      -0.032
    1836.900      31.944      31.975      -0.030
    1850.180      31.988      32.017      -0.029
    1863.550      32.032      32.058      -0.027
    1876.990      32.075      32.100      -0.025
    1890.510      32.119      32.142      -0.023
    1904.100      32.162      32.183      -0.021
    1917.780      32.206      32.225      -0.019
    1931.540      32.249      32.266      -0.017
    1945.370      32.293      32.307      -0.014
    1959.260      32.336      32.348      -0.012
    1973.270      32.379      32.389      -0.010
    1987.350      32.423      32.430      -0.007
    2001.520      32.466      32.471      -0.005
    2015.770      32.509      32.511      -0.002
    2030.100      32.552      32.552       0.000
    2044.510      32.595      32.592       0.003
    2059.000      32.638      32.633       0.006
    2073.580      32.681      32.673       0.009
    2088.240      32.724      32.713       0.012
